dataDir2=/home/mistry/data
dataDir=C:\\Users\\mistr\\Documents\\gdax
fileSeparator=\\

gdax.client.apiFile=C:\\Users\\mistr\\Documents\\gdax\\apiKey.txt

history.intervalSeconds=300
history.secondsToKeep=86400

forecast.solitude.coeffs.BTC-USD=0.035325,-0.073278,-0.018837
forecast.solitude.coeffs.BCH-USD=0.034316,-0.095783,-0.012850
forecast.solitude.coeffs.ETH-USD=0.048936,-0.102253,-0.013037
forecast.solitude.coeffs.LTC-USD=0.044189,-0.080942,-0.014677
forecast.snowbird.coeffs.BTC-USD=-0.0031699950564776946,0.004535876183159035,0.0007687266735522974,0.00036171902889742746,0.044904627439162875,-0.00039287821279679856,-0.046258979905907965,0
forecast.snowbird.coeffs.BCH-USD=0.0005314044822180938,-0.0031524948014685387,0.003260366934687779,0.004645226595061043,0.05760142417670587,-0.004644467177070004,-0.05756611350278898,0
forecast.snowbird.coeffs.ETH-USD=-0.00641261699115873,0.007926030588374489,-0.0020032986356214497,-0.002841915083777379,0.036977411720128986,0.0028368474739742366,-0.037586363896304105,0
forecast.snowbird.coeffs.LTC-USD=-0.00242949300257203,0.0014853788150843688,-0.0006448682826653244,-0.001198108032437431,0.0496254030746084,0.0012062981399890435,-0.04962134973933473,0

tactic.inThreshold.default=0.015
tactic.outThreshold.default=0.0
tactic.pctAllocation.default=0.25
tactic.pctAllocation.BTC-USD=0.25
tactic.pctAllocation.BCH-USD=0.25
tactic.pctAllocation.ETH-USD=0.25
tactic.pctAllocation.LTC-USD=0.25

sim.logDecisions=false
sim.logForecastCalc=false
sim.transactionCostOnes=0.0030