dataDir2=/home/mistry/data
dataDir=C:\\Users\\mistr\\Documents\\gdax
fileSeparator=\\

gdax.client.apiFile=C:\\Users\\mistr\\Documents\\gdax\\apiKey.txt

history.intervalSeconds=300
history.secondsToKeep=86400

forecast.solitude.coeffs.BTC-USD=0.035325,-0.073278,-0.018837
forecast.solitude.coeffs.BCH-USD=0.034316,-0.095783,-0.012850
forecast.solitude.coeffs.ETH-USD=0.048936,-0.102253,-0.013037
forecast.solitude.coeffs.LTC-USD=0.044189,-0.080942,-0.014677
forecast.snowbird.coeffs.BTC-USD=-0.0009341957889130055,-0.0002561973628675842,0.0008280100534266699,-0.0012190721472440471,0.10316991072792403,0.00118076341566803,-0.10368356668566717
forecast.snowbird.coeffs.BCH-USD=0.0007945269764699017,-0.0016135384738587607,0.0033493913198043438,0.0040272259291782,0.10211359954070919,-0.0040264578485388275,-0.10210919489739778
forecast.snowbird.coeffs.ETH-USD=-0.0039047772915632548,0.0037551235466358555,-0.0018809485603916215,-0.00402738397049293,0.06378713363760057,0.004019879919650471,-0.06461674381646054
forecast.snowbird.coeffs.LTC-USD=-0.002035307916695013,0.0013476308361935023,-0.0008547640610793764,-0.0020217855658967894,0.10276312644410351,0.0020195120230788875,-0.10329334625074427
forecast.brighton.coeffs.BTC-USD=-0.0008914497922013552,0.2014466937092182,-0.47142134698915306,0.09233903667634577,-0.09345332084476721
forecast.brighton.coeffs.BCH-USD=-0.0014296994050192972,0.1862360142965795,-0.5262502515145128,0.07436836123609172,-0.0743813967781586
forecast.brighton.coeffs.ETH-USD=-0.0017842941693689794,0.3184919204384097,-0.7103940087042604,0.05159391225708021,-0.05271128188350495
forecast.brighton.coeffs.LTC-USD=-0.001448701631483306,0.16936892385092192,-0.524072617989814,0.074569761240177,-0.07515381955280753

# these are optimal for Hunter
#tactic.inThreshold.default=0.025
#tactic.outThreshold.default=-0.025

# optimal for Brighton
tactic.inThreshold.default=0.04
tactic.outThreshold.default=-0.01

tactic.pctAllocation.default=0.25
tactic.pctAllocation.BTC-USD=0.25
tactic.pctAllocation.BCH-USD=0.25
tactic.pctAllocation.ETH-USD=0.25
tactic.pctAllocation.LTC-USD=0.25

risk.max24hourTrades=10

sim.logDecisions=false
sim.logForecastCalc=false
sim.transactionCostOnes=0.0030