dataDir2=/home/mistry/data
dataDir=C:\\Users\\mistr\\Documents\\gdax
fileSeparator=\\

gdax.client.apiFile=C:\\Users\\mistr\\Documents\\gdax\\apiKey.txt

history.intervalSeconds=300
history.secondsToKeep=86400

forecast.snowbird.coeffs.BTC-USD=-0.001400,0.000245,0.001498,0.000808,0.101524,-0.000886,-0.101834
forecast.snowbird.coeffs.BCH-USD=0.000628,-0.004632,0.003333,0.005096,0.067094,-0.005096,-0.067012
forecast.snowbird.coeffs.ETH-USD=-0.001181,-0.000067,-0.000488,-0.002184,0.057899,0.002193,-0.058480
forecast.snowbird.coeffs.LTC-USD=0.001909,-0.004662,0.001960,-0.000283,0.025626,0.000300,-0.025632
forecast.solitude.coeffs.BTC-USD=0.035325,-0.073278,-0.018837
forecast.solitude.coeffs.BCH-USD=0.034316,-0.095783,-0.012850
forecast.solitude.coeffs.ETH-USD=0.048936,-0.102253,-0.013037
forecast.solitude.coeffs.LTC-USD=0.044189,-0.080942,-0.014677

tactic.inThreshold.default=0.02
tactic.outThreshold.default=-0.005
tactic.pctAllocation.default=0.25
tactic.pctAllocation.BTC-USD=0.25
tactic.pctAllocation.BCH-USD=0.25
tactic.pctAllocation.ETH-USD=0.25
tactic.pctAllocation.LTC-USD=0.25

sim.logForecasts=false
sim.logDecisions=true
sim.logForecastCalc=true
sim.transactionCostOnes=0.0000