dataDir2=/home/mistry/data
dataDir=C:\\Users\\mistr\\Documents\\gdax
fileSeparator=\\

gdax.client.apiFile=C:\\Users\\mistr\\Documents\\gdax\\apiKey.txt

history.intervalSeconds=300
history.secondsToKeep=86400

forecast.snowbird.coeffs.BTC-USD=-0.00169265694928396,0.001195855512033842,0.0014628840882803537,0.001955118483750859,0.07439646545073665,-0.0020301361225701694,-0.07446016053421885
forecast.snowbird.coeffs.BCH-USD=0.00010772136282891057,-0.0037050716375981937,0.0034498127420656962,0.005367091160253454,0.08389463650704594,-0.005366229542086006,-0.08382232846164377
forecast.snowbird.coeffs.ETH-USD=-0.004399708344183639,0.005614176982561843,-0.0006616687189475111,-0.001311799870023894,0.0585100880394903,0.00131968924087486,-0.059211807257194764
forecast.snowbird.coeffs.LTC-USD=0.0001879540986411669,-0.0013794197879496016,0.0024025160842581507,0.0010265495401359835,0.029867712575585507,-0.0010077935983497548,-0.03016149358972347
forecast.solitude.coeffs.BTC-USD=0.035325,-0.073278,-0.018837
forecast.solitude.coeffs.BCH-USD=0.034316,-0.095783,-0.012850
forecast.solitude.coeffs.ETH-USD=0.048936,-0.102253,-0.013037
forecast.solitude.coeffs.LTC-USD=0.044189,-0.080942,-0.014677

tactic.inThreshold.default=0.007
tactic.outThreshold.default=0
tactic.pctAllocation.default=0.25
tactic.pctAllocation.BTC-USD=0.25
tactic.pctAllocation.BCH-USD=0.25
tactic.pctAllocation.ETH-USD=0.25
tactic.pctAllocation.LTC-USD=0.25

sim.logDecisions=false
sim.logForecastCalc=false
sim.transactionCostOnes=0.0030